proposeL=5158532.36933024
LocL=754488.2157253309
NCPOff=4916232.827655891
RandomPair=4894123.54828764